-0.2655955730241406 0.20910020761932768 -0.1067412242808703 -0.4785412285137962 0.4658470886489524 0.4421717758209154 0.32931862626859654
-0.3687971044578605 0.4013646462693964 0.18183460796815154 0.2454127681294983 0.2844910437921958 -0.2820468498004275 0.08642462220835867
0.4477979604738178 -0.1592592159676156 0.03955226088162156 -0.13187799604446293 0.33538475086341635 -0.42215264268390595 0.3952023346831697
-0.18473486785642368 -0.008331866073792216 0.35789085910782137 0.1430303610661925 0.04910678014071701 0.16778319232401906 0.2911719920478665
-0.4902834651239868 -0.22804564932857196 -0.3808419648196254 -0.3404129730699874 -0.3243366581078194 -0.1297945310634968 -0.12167039017298686
-0.35203295846868543 0.07333050635087712 -0.16087137322958345 -0.22801201288103878 -0.23201617651664086 0.008709460232675492 -0.47486371536603944
-0.4576376372397942 0.1834604812339885 0.428641804130402 0.05424534493447797 -0.22589776864996947 -0.07802107542256687 0.1616969401334134
0.4204248785726208 0.2591875217431132 0.2244883570383045 -0.17743523781465154 -0.267420209509574 0.16420023195513478 -0.4882637330941657
0.42158556832183647 -0.1880273468307807 0.31004673971123486 0.03154749967577386 -0.16183243039289097 0.18460420940312217 -0.3724794041249747 -0.4714653263948648 -0.40354776867889286
-0.4204467087206797 -0.03270978695073201 0.48680205179224334 0.3581961177115187 -0.4295012466489767 0.2667670600002029 -0.10467951180157267 0.15060912638089785 0.20654481414136738
0.47903112318579555 -0.3271905416726496 0.005047055938195877 0.1718214679652439 -0.34376948277611985 -0.2521653981842479 0.23672385629816795 0.04260079410338202 -0.18496172224804708
