0.33524868386145446 -0.14819413682370253 -0.4041515243692613 -0.4982238987398213 -0.41519550405934325 -0.05072504416404755 0.3097637503952664
-0.16019918178223636 -0.04463507513741677 0.38507184644549386 0.15646029951964924 -0.5339842276852422 0.29708053356780095 0.7033378970391104
-0.014504802655922966 0.22392784288414114 -0.3534464865226813 0.31545276433892283 -0.0922931954767251 -0.2014168009586655 -0.009299960000278454
-0.05621730151061441 -0.18953497342813963 0.10527530498049487 -0.4601806880819911 0.040575650024635146 0.007995238005791605 -0.47333120065278683
0.2731508195043437 0.06761782695630947 -0.4105965739029478 0.093454405131984 -0.8613489175771698 0.47248469667203175 -0.12953974958981107
0.48267465998532577 0.13558876883766713 -0.47859028433534617 -0.11102519318844424 -0.4663205107093644 -0.07978058427270285 0.09906770603760767
0.05842108406623625 0.3988474602432073 -0.1959703581658402 0.5826019276487371 0.010050533108222126 -0.049477600834977875 0.2852674762632813
-0.30531915624400363 0.17421761876563768 -0.2666400894319153 -0.45795968315164315 0.48170727545338043 0.5498133961903044 0.2730918108651029
0.407890786005076 0.002739281872319088 0.24639525468098883 0.604470480387264 -0.08070968520312172 0.18369667289868807 -0.12507347178961395 -0.18092159577611355 -0.37620333998917965
0.36261402340758 0.2144652381798091 0.07108017466212346 0.5478510401264671 0.6960618961106559 0.4495589323808145 -0.23413183880370614 -0.24358081619822144 0.46232831925990214
0.054646790240875265 -0.12933649706291406 -0.2396821861039956 0.2711686300238668 0.42005935642396974 0.24568336069526492 0.08022980485035133 0.4188026060760184 -0.03207228706341267
