-0.4710642867588207 -0.3137071897649124 -0.45646238416540375 0.1419076205484987 0.2977847493070584 -0.32412210459011587 0.4159529213700937
0.0547510215612374 0.22021422328606782 0.2158130555358584 -0.30964753883388685 -0.21523336573739826 -0.1336266594677019 -0.5784227629638566
0.07971194627665759 0.12912347209522618 0.10608963731656429 -0.3777395718915334 -0.26555150620370893 -0.5859069051428613 -0.19035598789665545
-0.29131026199370313 -0.1404506901987681 0.1918724636280954 0.2612818113400275 0.36300880554345283 0.023899917833165363 0.2940394027022031
0.37433691335301505 -0.11644314448112927 0.3014049605023016 0.07953440133682922 -0.2219160857885969 -0.052756526478545396 -0.7566404000488974
0.017183614255486868 0.21206399813306043 0.3946745403630886 -0.5612549046423656 0.4858758689186713 -0.257580834251858 -0.4304209781688094
-0.40574156956299545 -0.2614912824419242 0.06570220060512796 -0.05367791024189178 -0.23052662462261125 0.08014505716002351 -0.15946266407443316
0.18631777882117032 -0.3619420166674847 -0.28474237023928 0.05441976884908681 -0.9512961475184272 -0.4980411813570298 0.581594024996418
-0.27304911156780115 -0.2423459641669945 -0.12026059095873459 0.39174370635051275 0.42113185554033206 -0.12059113467581711 -0.1583071717074514 -0.2555738944250119 0.5480751409277985
-0.16445315157374116 0.41173822718110925 0.2668004833215638 0.13781925521117647 0.40717733591884564 -0.23637162327404157 0.24075061124956212 -0.34123298178511463 0.22063736612911292
0.04689821774924169 -0.24017946069145713 -0.7099135057408162 -0.2197604281859912 -0.1294539183162771 0.1706086458088674 -0.1089742560341439 0.27583117094623943 -0.46220569882786666
